2021-11-11T20:10:53 41 107 214 
2021-11-11T20:10:54 220 89 244 
2021-11-11T20:10:55 318 198 322 
2021-11-11T20:10:56 344 305 65 
2021-11-11T20:10:57 241 267 241 
2021-11-11T20:10:58 131 115 62 
2021-11-11T20:10:59 147 36 351 
2021-11-11T20:11:00 204 302 153 
2021-11-11T20:11:01 292 142 141 
2021-11-11T20:11:02 356 278 95 
2021-11-11T20:11:03 47 126 11 
2021-11-11T20:11:04 18 69 112 
2021-11-11T20:11:05 107 19 115 
2021-11-11T20:11:06 174 263 51 
2021-11-11T20:11:07 2 93 33 
2021-11-11T20:11:08 344 21 151 
2021-11-11T20:11:09 173 28 347 
2021-11-11T20:11:10 284 262 357 
2021-11-11T20:11:11 237 259 83 
2021-11-11T20:11:12 21 169 58 
2021-11-11T20:11:13 76 155 230 
2021-11-11T20:11:14 42 288 226 
2021-11-11T20:11:15 40 302 184 
2021-11-11T20:11:16 328 86 45 
2021-11-11T20:11:17 50 249 250 
2021-11-11T20:11:18 230 246 141 
2021-11-11T20:11:19 273 308 189 
2021-11-11T20:11:20 23 324 154 
2021-11-11T20:11:21 36 320 286 
2021-11-11T20:11:22 176 251 28 
2021-11-11T20:11:23 24 39 146 
2021-11-11T20:11:24 163 137 298 
2021-11-11T20:11:25 278 282 249 
2021-11-11T20:11:26 341 153 155 
2021-11-11T20:11:27 319 138 24 
2021-11-11T20:11:28 210 297 146 
2021-11-11T20:11:29 353 66 341 
2021-11-11T20:11:30 305 284 352 
2021-11-11T20:11:31 150 69 137 
2021-11-11T20:11:32 93 57 312 
2021-11-11T20:11:33 226 330 161 
2021-11-11T20:11:34 276 35 287 
2021-11-11T20:11:35 255 94 71 
2021-11-11T20:11:36 172 350 70 
2021-11-11T20:11:37 21 124 286 
2021-11-11T20:11:38 190 147 311 
2021-11-11T20:11:39 7 177 337 
2021-11-11T20:11:40 47 33 303 
2021-11-11T20:11:41 185 269 169 
2021-11-11T20:11:42 38 101 228 
2021-11-11T20:11:43 302 106 146 
2021-11-11T20:11:44 70 213 8 
2021-11-11T20:11:45 180 191 42 
2021-11-11T20:11:46 215 130 239 
2021-11-11T20:11:47 264 17 308 
2021-11-11T20:11:48 3 235 81 
2021-11-11T20:11:49 2 230 211 
2021-11-11T20:11:50 236 14 220 
2021-11-11T20:11:51 276 261 348 
2021-11-11T20:11:52 159 228 4 
2021-11-11T20:11:53 1 54 53 
2021-11-11T20:11:54 199 138 218 
2021-11-11T20:11:55 60 188 127 
2021-11-11T20:11:56 107 128 133 
2021-11-11T20:11:57 168 163 167 
2021-11-11T20:11:58 261 270 137 
2021-11-11T20:11:59 133 154 269 
2021-11-11T20:12:00 56 215 171 
2021-11-11T20:12:01 80 209 319 
2021-11-11T20:12:02 236 118 63 
2021-11-11T20:12:03 104 208 84 
2021-11-11T20:12:04 209 229 302 
2021-11-11T20:12:05 315 325 213 
2021-11-11T20:12:06 303 283 147 
2021-11-11T20:12:07 154 143 248 
2021-11-11T20:12:08 0 138 138 
2021-11-11T20:12:09 60 356 38 
2021-11-11T20:12:10 161 149 278 
2021-11-11T20:12:11 289 157 312 
2021-11-11T20:12:12 222 178 52 
2021-11-11T20:12:13 278 59 190 
2021-11-11T20:12:14 137 38 71 
2021-11-11T20:12:15 15 208 76 
2021-11-11T20:12:16 351 2 114 
2021-11-11T20:12:17 152 255 168 
2021-11-11T20:12:18 326 82 206 
2021-11-11T20:12:19 155 353 349 
2021-11-11T20:12:20 342 84 336 
2021-11-11T20:12:21 281 318 242 
2021-11-11T20:12:22 291 301 299 
2021-11-11T20:12:23 317 36 172 
2021-11-11T20:12:24 269 35 272 
2021-11-11T20:12:25 80 350 123 
2021-11-11T20:12:26 229 221 288 
2021-11-11T20:12:27 81 69 135 
2021-11-11T20:12:28 223 322 145 
2021-11-11T20:12:29 62 205 88 
2021-11-11T20:12:30 106 177 357 
2021-11-11T20:12:31 112 332 209 
2021-11-11T20:12:32 354 161 269 
2021-11-11T20:12:33 176 9 208 
2021-11-11T20:12:34 252 185 115 
2021-11-11T20:12:35 194 349 241 
2021-11-11T20:12:36 152 265 60 
2021-11-11T20:12:37 118 153 299 
2021-11-11T20:12:39 183 79 76 
2021-11-11T20:12:40 127 289 229 
2021-11-11T20:12:41 157 66 349 
2021-11-11T20:12:42 193 155 57 
2021-11-11T20:12:43 256 206 265 
2021-11-11T20:12:44 8 82 215 
2021-11-11T20:12:45 174 114 181 
2021-11-11T20:12:46 356 151 26 
2021-11-11T20:12:47 23 353 235 
2021-11-11T20:12:48 225 253 192 
2021-11-11T20:12:49 8 32 65 
2021-11-11T20:12:50 353 36 241 
2021-11-11T20:12:51 118 246 262 
2021-11-11T20:12:52 121 184 156 
2021-11-11T20:12:53 62 289 1 
2021-11-11T20:12:54 135 290 13 
2021-11-11T20:12:55 26 164 59 
2021-11-11T20:12:56 12 159 333 
2021-11-11T20:12:57 224 234 350 
2021-11-11T20:12:58 65 129 226 
2021-11-11T20:12:59 33 154 302 
2021-11-11T20:13:00 8 338 67 
2021-11-11T20:13:01 185 318 191 
2021-11-11T20:13:02 122 25 197 
2021-11-11T20:13:03 94 314 264 
2021-11-11T20:13:04 174 314 252 
2021-11-11T20:13:05 359 313 350 
2021-11-11T20:13:06 287 217 318 
2021-11-11T20:13:07 257 133 230 
2021-11-11T20:13:08 323 148 272 
2021-11-11T20:13:09 305 222 200 
2021-11-11T20:13:10 53 67 122 
2021-11-11T20:13:11 139 287 105 
2021-11-11T20:13:12 103 124 223 
2021-11-11T20:13:13 92 101 141 
2021-11-11T20:13:14 43 72 225 
2021-11-11T20:13:15 233 45 71 
2021-11-11T20:13:16 212 142 302 
2021-11-11T20:13:17 326 104 340 
2021-11-11T20:13:18 107 80 93 
2021-11-11T20:13:19 14 230 10 
2021-11-11T20:13:20 235 233 271 
2021-11-11T20:13:21 200 176 347 
2021-11-11T20:13:22 85 310 140 
2021-11-11T20:13:23 14 175 24 
2021-11-11T20:13:24 299 325 296 
2021-11-11T20:13:25 94 338 22 
2021-11-11T20:13:26 91 146 358 
2021-11-11T20:13:27 273 91 284 
2021-11-11T20:13:28 298 24 239 
2021-11-11T20:13:29 112 280 87 
2021-11-11T20:13:30 100 126 10 
2021-11-11T20:13:31 77 130 155 
2021-11-11T20:13:32 216 347 163 
2021-11-11T20:13:33 78 324 69 
2021-11-11T20:13:34 322 166 45 
2021-11-11T20:13:35 247 57 74 
2021-11-11T20:13:36 105 67 229 
2021-11-11T20:13:37 248 223 80 
2021-11-11T20:13:38 62 202 123 
2021-11-11T20:13:39 116 137 301 
2021-11-11T20:13:40 115 125 184 
2021-11-11T20:13:41 340 82 196 
2021-11-11T20:13:42 350 166 211 
2021-11-11T20:13:43 171 291 347 
2021-11-11T20:13:44 273 280 270 
2021-11-11T20:13:45 164 308 163 
2021-11-11T20:13:46 260 331 302 
2021-11-11T20:13:47 149 300 73 
2021-11-11T20:13:48 238 298 85 
2021-11-11T20:13:49 47 317 120 
2021-11-11T20:13:50 138 319 143 
2021-11-11T20:13:51 160 277 164 
2021-11-11T20:13:52 357 68 233 
2021-11-11T20:13:53 127 1 170 
2021-11-11T20:13:54 60 108 33 
2021-11-11T20:13:55 24 325 60 
2021-11-11T20:13:56 151 264 235 
2021-11-11T20:13:57 316 312 190 
2021-11-11T20:13:58 103 85 36 
2021-11-11T20:13:59 176 186 357 
2021-11-11T20:14:00 246 37 177 
2021-11-11T20:14:01 231 109 201 
2021-11-11T20:14:02 296 62 97 
2021-11-11T20:14:03 32 117 336 
2021-11-11T20:14:04 65 281 303 
2021-11-11T20:14:05 9 109 245 
2021-11-11T20:14:06 79 292 336 
2021-11-11T20:14:07 335 173 42 
2021-11-11T20:14:08 344 214 174 
2021-11-11T20:14:09 52 217 329 
2021-11-11T20:14:10 212 83 87 
2021-11-11T20:14:11 323 191 115 
2021-11-11T20:14:12 347 168 355 
2021-11-11T20:14:13 338 63 182 
2021-11-11T20:14:14 354 31 61 
2021-11-11T20:14:15 15 219 185 
2021-11-11T20:14:16 341 230 186 
2021-11-11T20:14:17 254 85 103 
2021-11-11T20:14:18 90 118 319 
2021-11-11T20:14:19 21 313 134 
2021-11-11T20:14:20 197 254 156 
2021-11-11T20:14:21 193 96 145 
2021-11-11T20:14:22 122 108 41 
2021-11-11T20:14:23 300 13 81 
2021-11-11T20:14:24 55 15 182 
2021-11-11T20:14:25 302 251 277 
2021-11-11T20:14:26 264 278 312 
2021-11-11T20:14:27 83 216 73 
2021-11-11T20:14:28 320 313 155 
2021-11-11T20:14:29 272 218 250 
2021-11-11T20:14:30 297 172 32 
2021-11-11T20:14:31 95 209 71 
2021-11-11T20:14:32 240 208 245 
2021-11-11T20:14:33 10 57 69 
2021-11-11T20:14:34 70 25 273 
2021-11-11T20:14:35 234 291 100 
2021-11-11T20:14:36 84 98 335 
2021-11-11T20:14:37 119 32 45 
2021-11-11T20:14:38 64 301 63 
2021-11-11T20:14:39 229 15 88 
2021-11-11T20:14:40 132 237 269 
2021-11-11T20:14:41 36 1 307 
2021-11-11T20:14:42 347 21 209 
2021-11-11T20:14:43 280 93 14 
2021-11-11T20:14:44 81 317 55 
2021-11-11T20:14:45 43 293 232 
2021-11-11T20:14:46 264 201 352 
2021-11-11T20:14:47 279 150 148 
2021-11-11T20:14:48 307 124 355 
2021-11-11T20:14:49 66 18 130 
2021-11-11T20:14:50 167 87 204 
2021-11-11T20:14:51 143 341 343 
2021-11-11T20:14:52 306 203 10 
2021-11-11T20:14:53 211 129 240 
2021-11-11T20:14:54 284 342 59 
2021-11-11T20:14:55 33 31 224 
2021-11-11T20:14:56 138 232 30 
2021-11-11T20:14:57 5 295 99 
2021-11-11T20:14:58 303 262 218 
2021-11-11T20:14:59 87 264 328 
2021-11-11T20:15:00 91 224 233 
2021-11-11T20:15:01 275 305 272 
2021-11-11T20:15:03 266 318 329 
2021-11-11T20:15:04 142 239 305 
2021-11-11T20:15:05 209 104 345 
2021-11-11T20:15:06 180 205 308 
2021-11-11T20:15:07 238 150 241 
2021-11-11T20:15:08 243 252 352 
2021-11-11T20:15:09 152 247 130 
2021-11-11T20:15:10 243 21 183 
2021-11-11T20:15:11 23 287 80 
2021-11-11T20:15:12 329 335 165 
2021-11-11T20:15:13 28 303 147 
2021-11-11T20:15:14 288 63 37 
2021-11-11T20:15:15 89 183 9 
2021-11-11T20:15:16 1 148 182 
2021-11-11T20:15:17 248 20 341 
2021-11-11T20:15:18 318 74 8 
2021-11-11T20:15:19 106 330 29 
2021-11-11T20:15:20 243 190 60 
2021-11-11T20:15:21 28 67 216 
2021-11-11T20:15:22 263 35 186 
2021-11-11T20:15:23 65 198 133 
2021-11-11T20:15:24 69 64 268 
2021-11-11T20:15:25 123 119 217 
2021-11-11T20:15:26 286 264 195 
2021-11-11T20:15:27 278 326 211 
2021-11-11T20:15:28 145 195 41 
2021-11-11T20:15:29 229 136 224 
2021-11-11T20:15:30 155 324 302 
2021-11-11T20:15:31 155 273 302 
2021-11-11T20:15:32 236 348 232 
2021-11-11T20:15:33 266 206 253 
2021-11-11T20:15:34 309 4 225 
2021-11-11T20:15:35 106 292 295 
2021-11-11T20:15:36 213 5 196 
2021-11-11T20:15:37 336 341 214 
2021-11-11T20:15:38 234 336 172 
2021-11-11T20:15:39 176 238 322 
2021-11-11T20:15:40 275 135 51 
2021-11-11T20:15:41 230 201 225 
2021-11-11T20:15:42 211 237 226 
2021-11-11T20:15:43 250 210 262 
2021-11-11T20:15:44 34 93 273 
2021-11-11T20:15:45 176 132 328 
2021-11-11T20:15:46 62 273 54 
2021-11-11T20:15:47 103 74 23 
2021-11-11T20:15:48 216 148 324 
2021-11-11T20:15:49 77 253 109 
2021-11-11T20:15:50 268 40 200 
2021-11-11T20:15:51 78 298 290 
2021-11-11T20:15:52 35 41 144 
2021-11-11T20:15:53 23 76 123 
2021-11-11T20:15:54 269 142 321 
2021-11-11T20:15:55 49 108 202 
2021-11-11T20:15:56 333 74 60 
2021-11-11T20:15:57 2 83 231 
2021-11-11T20:15:58 289 278 99 
2021-11-11T20:15:59 288 299 211 
2021-11-11T20:16:00 123 345 61 
2021-11-11T20:16:01 224 152 285 
2021-11-11T20:16:02 113 218 189 
2021-11-11T20:16:03 122 178 317 
2021-11-11T20:16:04 290 141 114 
2021-11-11T20:16:05 268 241 359 
2021-11-11T20:16:06 13 75 69 
2021-11-11T20:16:07 97 69 58 
2021-11-11T20:16:08 300 291 344 
2021-11-11T20:16:09 357 15 75 
2021-11-11T20:16:10 255 330 159 
2021-11-11T20:16:11 332 128 2 
2021-11-11T20:16:12 154 245 190 
2021-11-11T20:16:13 4 294 100 
2021-11-11T20:16:14 295 31 61 
2021-11-11T20:16:15 115 239 190 
2021-11-11T20:16:16 338 33 68 
2021-11-11T20:16:17 217 132 76 
2021-11-11T20:16:18 249 193 288 
2021-11-11T20:16:19 341 310 283 
2021-11-11T20:16:20 123 28 344 
2021-11-11T20:16:21 298 0 31 
2021-11-11T20:16:22 85 14 351 
2021-11-11T20:16:23 173 187 233 
2021-11-11T20:16:24 255 128 305 
2021-11-11T20:16:25 316 149 210 
2021-11-11T20:16:26 78 69 13 
2021-11-11T20:16:27 6 200 36 
2021-11-11T20:16:28 9 27 88 
2021-11-11T20:16:29 39 304 261 
2021-11-11T20:16:30 125 186 336 
2021-11-11T20:16:31 316 6 226 
2021-11-11T20:16:32 287 321 164 
2021-11-11T20:16:33 260 286 261 
2021-11-11T20:16:34 142 321 304 
2021-11-11T20:16:35 149 255 262 
2021-11-11T20:16:36 353 204 181 
2021-11-11T20:16:37 345 82 343 
2021-11-11T20:16:38 171 126 28 
2021-11-11T20:16:39 318 202 227 
2021-11-11T20:16:40 187 81 292 
2021-11-11T20:16:41 256 350 354 
2021-11-11T20:16:42 169 124 156 
2021-11-11T20:16:43 50 53 116 
2021-11-11T20:16:44 352 334 145 
2021-11-11T20:16:45 308 248 291 
2021-11-11T20:16:46 32 91 234 
2021-11-11T20:16:47 239 38 242 
2021-11-11T20:16:48 184 155 332 
2021-11-11T20:16:49 69 279 238 
2021-11-11T20:16:50 143 198 66 
2021-11-11T20:16:51 19 98 46 
2021-11-11T20:16:52 316 262 353 
2021-11-11T20:16:53 278 142 66 
2021-11-11T20:16:54 32 77 325 
2021-11-11T20:16:55 207 298 122 
2021-11-11T20:16:56 207 138 110 
2021-11-11T20:16:57 132 200 78 
2021-11-11T20:16:58 279 352 288 
2021-11-11T20:16:59 202 180 235 
2021-11-11T20:17:00 255 122 207 
2021-11-11T20:17:01 16 37 98 
2021-11-11T20:17:02 97 268 171 
2021-11-11T20:17:03 176 110 129 
2021-11-11T20:17:04 5 298 229 
2021-11-11T20:17:05 40 140 40 
2021-11-11T20:17:06 27 322 215 
2021-11-11T20:17:07 155 72 41 
2021-11-11T20:17:08 74 198 106 
2021-11-11T20:17:09 74 306 308 
2021-11-11T20:17:10 129 358 303 
2021-11-11T20:17:11 315 35 1 
2021-11-11T20:17:12 115 135 8 
2021-11-11T20:17:13 274 330 185 
2021-11-11T20:17:14 104 117 162 
2021-11-11T20:17:15 121 284 309 
2021-11-11T20:17:16 189 330 243 
2021-11-11T20:17:17 270 293 245 
2021-11-11T20:17:18 110 297 136 
2021-11-11T20:17:19 337 198 153 
2021-11-11T20:17:20 76 114 84 
2021-11-11T20:17:21 271 149 55 
2021-11-11T20:17:22 345 17 284 
2021-11-11T20:17:23 137 103 224 
2021-11-11T20:17:24 250 48 328 
2021-11-11T20:17:25 201 245 152 
2021-11-11T20:17:26 13 212 274 
2021-11-11T20:17:28 156 66 316 
2021-11-11T20:17:29 12 129 240 
2021-11-11T20:17:30 14 99 223 
2021-11-11T20:17:31 211 141 129 
2021-11-11T20:17:32 139 165 205 
2021-11-11T20:17:33 25 16 130 
2021-11-11T20:17:34 175 89 264 
2021-11-11T20:17:35 166 333 234 
2021-11-11T20:17:36 189 60 255 
2021-11-11T20:17:37 213 109 201 
2021-11-11T20:17:38 212 328 358 
2021-11-11T20:17:39 111 348 346 
2021-11-11T20:17:40 70 342 174 
2021-11-11T20:17:41 139 310 152 
2021-11-11T20:17:42 222 191 15 
2021-11-11T20:17:43 4 154 284 
2021-11-11T20:17:44 142 175 140 
2021-11-11T20:17:45 114 132 181 
2021-11-11T20:17:46 202 347 337 
2021-11-11T20:17:47 69 45 315 
2021-11-11T20:17:48 234 30 143 
2021-11-11T20:17:49 34 321 292 
2021-11-11T20:17:50 152 39 108 
2021-11-11T20:17:51 152 42 207 
2021-11-11T20:17:52 288 95 108 
2021-11-11T20:17:53 303 239 154 
2021-11-11T20:17:54 164 326 359 
2021-11-11T20:17:55 238 185 166 
2021-11-11T20:17:56 246 340 207 
2021-11-11T20:17:57 52 187 92 
2021-11-11T20:17:58 316 14 207 
2021-11-11T20:17:59 341 283 302 
2021-11-11T20:18:00 171 216 143 
2021-11-11T20:18:01 308 123 342 
2021-11-11T20:18:02 58 16 220 
2021-11-11T20:18:03 151 142 96 
2021-11-11T20:18:04 50 285 4 
2021-11-11T20:18:05 6 237 129 
2021-11-11T20:18:06 123 334 197 
2021-11-11T20:18:07 348 108 31 
2021-11-11T20:18:08 156 223 268 
2021-11-11T20:18:09 167 266 31 
2021-11-11T20:18:10 257 332 343 
2021-11-11T20:18:11 227 248 145 
2021-11-11T20:18:12 148 345 358 
2021-11-11T20:18:13 117 163 73 
2021-11-11T20:18:14 181 210 288 
2021-11-11T20:18:15 311 250 69 
2021-11-11T20:18:16 32 14 29 
2021-11-11T20:18:17 321 105 107 
2021-11-11T20:18:18 73 353 274 
2021-11-11T20:18:19 272 92 150 
2021-11-11T20:18:20 61 2 137 
2021-11-11T20:18:21 197 210 342 
2021-11-11T20:18:22 324 301 30 
2021-11-11T20:18:23 183 77 103 
2021-11-11T20:18:24 139 35 9 
2021-11-11T20:18:25 167 162 350 
2021-11-11T20:18:26 102 258 6 
2021-11-11T20:18:27 127 230 128 
2021-11-11T20:18:28 251 98 13 
2021-11-11T20:18:29 140 223 46 
2021-11-11T20:18:30 222 330 152 
2021-11-11T20:18:31 288 74 81 
2021-11-11T20:18:32 198 263 107 
2021-11-11T20:18:33 25 138 81 
2021-11-11T20:18:34 257 70 174 
2021-11-11T20:18:35 238 18 141 
2021-11-11T20:18:36 143 356 287 
2021-11-11T20:18:37 118 49 355 
2021-11-11T20:18:38 245 35 26 
2021-11-11T20:18:39 306 273 80 
2021-11-11T20:18:40 10 128 288 
2021-11-11T20:18:41 332 193 80 
2021-11-11T20:18:42 286 295 10 
2021-11-11T20:18:43 79 317 292 
2021-11-11T20:18:44 302 128 192 
2021-11-11T20:18:45 209 284 194 
2021-11-11T20:18:46 128 252 127 
2021-11-11T20:18:47 152 175 8 
2021-11-11T20:18:48 24 257 203 
2021-11-11T20:18:49 289 55 201 
2021-11-11T20:18:50 189 260 12 
2021-11-11T20:18:51 48 163 51 
2021-11-11T20:18:52 354 193 11 
2021-11-11T20:18:53 200 54 270 
2021-11-11T20:18:54 137 239 140 
2021-11-11T20:18:55 258 331 144 
2021-11-11T20:18:56 100 167 179 
2021-11-11T20:18:57 205 203 138 
2021-11-11T20:18:58 292 73 172 
2021-11-11T20:18:59 171 120 354 
2021-11-11T20:19:00 40 177 265 
2021-11-11T20:19:01 169 220 85 
2021-11-11T20:19:02 351 72 250 
2021-11-11T20:19:03 229 338 339 
2021-11-11T20:19:04 11 277 73 
2021-11-11T20:19:05 33 180 257 
2021-11-11T20:19:06 146 316 350 
2021-11-11T20:19:07 102 258 359 
2021-11-11T20:19:08 258 209 159 
2021-11-11T20:19:09 209 324 72 
2021-11-11T20:19:10 300 8 247 
2021-11-11T20:19:11 128 357 143 
2021-11-11T20:19:12 250 207 156 
2021-11-11T20:19:13 194 42 11 
2021-11-11T20:19:14 299 321 256 
2021-11-11T20:19:15 290 203 123 
2021-11-11T20:19:16 36 132 252 
2021-11-11T20:19:17 221 274 333 
2021-11-11T20:19:18 342 316 340 
2021-11-11T20:19:19 95 104 79 
2021-11-11T20:19:20 336 0 198 
2021-11-11T20:19:21 32 347 184 
2021-11-11T20:19:22 40 277 86 
2021-11-11T20:19:23 30 241 162 
2021-11-11T20:19:24 49 283 78 
2021-11-11T20:19:25 225 101 175 
2021-11-11T20:19:26 96 196 198 
2021-11-11T20:19:27 98 259 218 
2021-11-11T20:19:28 217 150 327 
2021-11-11T20:19:29 329 321 115 
2021-11-11T20:19:30 158 196 33 
2021-11-11T20:19:31 19 264 85 
2021-11-11T20:19:32 213 288 52 
2021-11-11T20:19:33 83 49 314 
2021-11-11T20:19:34 88 15 31 
2021-11-11T20:19:35 213 282 268 
2021-11-11T20:19:36 251 186 344 
2021-11-11T20:19:37 246 257 237 
2021-11-11T20:19:38 229 36 114 
2021-11-11T20:19:39 311 349 232 
2021-11-11T20:19:40 226 93 91 
2021-11-11T20:19:41 95 309 217 
2021-11-11T20:19:42 120 132 236 
2021-11-11T20:19:43 271 127 266 
2021-11-11T20:19:44 82 35 143 
2021-11-11T20:19:45 114 300 257 
2021-11-11T20:19:46 185 65 353 
2021-11-11T20:19:47 261 338 198 
2021-11-11T20:19:48 318 100 291 
2021-11-11T20:19:49 267 285 170 
2021-11-11T20:19:51 95 169 270 
2021-11-11T20:19:52 29 93 185 
2021-11-11T20:19:53 254 2 7 
2021-11-11T20:19:54 72 256 167 
2021-11-11T20:19:55 82 202 130 
2021-11-11T20:19:56 1 31 27 
2021-11-11T20:19:57 225 359 201 
2021-11-11T20:19:58 58 31 7 
2021-11-11T20:19:59 88 286 316 
2021-11-11T20:20:00 199 309 182 
2021-11-11T20:20:01 306 206 215 
2021-11-11T20:20:02 228 94 180 
2021-11-11T20:20:03 93 257 28 
2021-11-11T20:20:04 263 61 111 
2021-11-11T20:20:05 282 215 157 
2021-11-11T20:20:06 146 112 341 
2021-11-11T20:20:07 16 1 101 
2021-11-11T20:20:08 335 107 124 
2021-11-11T20:20:09 318 135 216 
2021-11-11T20:20:10 334 339 158 
2021-11-11T20:20:11 194 253 82 
2021-11-11T20:20:12 195 203 88 
2021-11-11T20:20:13 233 272 67 
2021-11-11T20:20:14 240 126 118 
2021-11-11T20:20:15 330 41 121 
2021-11-11T20:20:16 159 335 83 
2021-11-11T20:20:17 316 133 241 
2021-11-11T20:20:18 205 353 194 
2021-11-11T20:20:19 110 233 101 
2021-11-11T20:20:20 327 179 110 
2021-11-11T20:20:21 283 185 332 
2021-11-11T20:20:22 9 261 312 
2021-11-11T20:20:23 156 61 327 
2021-11-11T20:20:24 250 111 165 
2021-11-11T20:20:25 332 152 29 
2021-11-11T20:20:26 320 125 311 
2021-11-11T20:20:27 298 133 286 
2021-11-11T20:20:28 298 28 46 
2021-11-11T20:20:29 171 166 156 
2021-11-11T20:20:30 137 60 294 
2021-11-11T20:20:31 49 28 229 
2021-11-11T20:20:32 344 89 178 
2021-11-11T20:20:33 17 55 66 
2021-11-11T20:20:34 84 168 266 
2021-11-11T20:20:35 8 217 38 
2021-11-11T20:20:36 270 79 265 
2021-11-11T20:20:37 86 119 180 
2021-11-11T20:20:38 190 271 333 
2021-11-11T20:20:39 55 325 318 
2021-11-11T20:20:40 340 251 67 
2021-11-11T20:20:41 107 124 146 
2021-11-11T20:20:42 107 40 187 
2021-11-11T20:20:43 354 151 312 
2021-11-11T20:20:44 31 188 13 
2021-11-11T20:20:45 85 337 351 
2021-11-11T20:20:46 324 77 46 
2021-11-11T20:20:47 208 222 333 
2021-11-11T20:20:48 320 182 257 
2021-11-11T20:20:49 158 148 155 
2021-11-11T20:20:50 329 327 301 
2021-11-11T20:20:51 133 24 187 
2021-11-11T20:20:52 321 333 297 
2021-11-11T20:20:53 141 202 287 
2021-11-11T20:20:54 185 313 144 
2021-11-11T20:20:55 324 15 205 
2021-11-11T20:20:56 341 4 181 
2021-11-11T20:20:57 192 186 56 
2021-11-11T20:20:58 103 273 80 
2021-11-11T20:20:59 240 108 171 
2021-11-11T20:21:00 33 88 11 
2021-11-11T20:21:01 216 199 328 
2021-11-11T20:21:02 120 211 333 
2021-11-11T20:21:03 19 143 19 
2021-11-11T20:21:04 13 216 295 
2021-11-11T20:21:05 245 354 160 
2021-11-11T20:21:06 195 120 336 
2021-11-11T20:21:07 95 325 111 
2021-11-11T20:21:08 328 239 156 
2021-11-11T20:21:09 202 192 345 
2021-11-11T20:21:10 0 175 322 
2021-11-11T20:21:11 205 2 200 
2021-11-11T20:21:12 36 357 242 
2021-11-11T20:21:13 68 0 300 
2021-11-11T20:21:14 196 58 173 
2021-11-11T20:21:15 180 266 314 
2021-11-11T20:21:16 293 17 240 
2021-11-11T20:21:17 295 272 0 
2021-11-11T20:21:18 347 275 146 
2021-11-11T20:21:19 181 188 241 
2021-11-11T20:21:20 248 235 316 
2021-11-11T20:21:21 25 289 52 
2021-11-11T20:21:22 136 295 42 
2021-11-11T20:21:23 203 22 21 
2021-11-11T20:21:24 282 32 248 
2021-11-11T20:21:25 98 8 317 
2021-11-11T20:21:26 354 10 330 
2021-11-11T20:21:27 95 159 289 
2021-11-11T20:21:28 295 263 320 
2021-11-11T20:21:29 19 79 305 
2021-11-11T20:21:30 311 301 41 
2021-11-11T20:21:31 52 113 273 
2021-11-11T20:21:32 349 147 202 
2021-11-11T20:21:33 333 283 260 
2021-11-11T20:21:34 334 318 4 
2021-11-11T20:21:35 103 29 132 
2021-11-11T20:21:36 144 89 230 
2021-11-11T20:21:37 245 167 154 
2021-11-11T20:21:38 247 206 36 
2021-11-11T20:21:39 83 60 119 
2021-11-11T20:21:40 230 188 230 
2021-11-11T20:21:41 111 305 61 
2021-11-11T20:21:42 30 23 189 
2021-11-11T20:21:43 195 298 299 
2021-11-11T20:21:44 326 302 335 
2021-11-11T20:21:45 87 196 233 
2021-11-11T20:21:46 288 335 339 
2021-11-11T20:21:47 153 30 122 
2021-11-11T20:21:48 245 201 25 
2021-11-11T20:21:49 287 87 149 
2021-11-11T20:21:50 254 271 17 
2021-11-11T20:21:51 38 305 277 
2021-11-11T20:21:52 178 198 84 
2021-11-11T20:21:53 172 283 148 
2021-11-11T20:21:54 104 1 323 
2021-11-11T20:21:55 170 44 281 
2021-11-11T20:21:56 107 37 292 
2021-11-11T20:21:57 331 203 141 
2021-11-11T20:21:58 43 161 325 
2021-11-11T20:21:59 141 45 250 
2021-11-11T20:22:00 135 181 262 
2021-11-11T20:22:01 132 351 335 
2021-11-11T20:22:02 135 153 98 
2021-11-11T20:22:03 159 82 168 
2021-11-11T20:22:04 54 222 307 
2021-11-11T20:22:05 125 258 144 
2021-11-11T20:22:06 330 19 114 
2021-11-11T20:22:08 124 303 265 
2021-11-11T20:22:09 278 124 301 
2021-11-11T20:22:10 170 213 143 
2021-11-11T20:22:11 74 330 126 
2021-11-11T20:22:12 307 285 85 
2021-11-11T20:22:13 336 350 329 
2021-11-11T20:22:14 338 3 55 
2021-11-11T20:22:15 297 169 30 
2021-11-11T20:22:16 184 108 97 
2021-11-11T20:22:17 354 240 12 
2021-11-11T20:22:18 213 255 254 
2021-11-11T20:22:19 201 96 246 
2021-11-11T20:22:20 264 235 302 
2021-11-11T20:22:21 79 261 192 
2021-11-11T20:22:22 204 179 39 
2021-11-11T20:22:23 283 147 236 
2021-11-11T20:22:24 5 358 137 
2021-11-11T20:22:25 28 79 57 
2021-11-11T20:22:26 297 51 36 
2021-11-11T20:22:27 115 220 301 
2021-11-11T20:22:28 153 192 336 
2021-11-11T20:22:29 260 115 147 
2021-11-11T20:22:30 304 354 79 
2021-11-11T20:22:31 150 316 161 
2021-11-11T20:22:32 111 49 90 
2021-11-11T20:22:33 294 32 351 
2021-11-11T20:22:34 309 307 170 
2021-11-11T20:22:35 359 133 173 
2021-11-11T20:22:36 143 241 343 
2021-11-11T20:22:37 5 56 119 
2021-11-11T20:22:38 255 19 68 
2021-11-11T20:22:39 318 203 239 
2021-11-11T20:22:40 355 261 113 
2021-11-11T20:22:41 346 242 78 
2021-11-11T20:22:42 348 341 279 
2021-11-11T20:22:43 338 11 303 
2021-11-11T20:22:44 303 354 203 
2021-11-11T20:22:45 149 182 67 
2021-11-11T20:22:46 342 301 247 
2021-11-11T20:22:47 66 51 157 
2021-11-11T20:22:48 53 240 136 
2021-11-11T20:22:49 10 202 295 
2021-11-11T20:22:50 326 330 77 
2021-11-11T20:22:51 222 340 189 
2021-11-11T20:22:52 65 194 143 
2021-11-11T20:22:53 202 155 246 
2021-11-11T20:22:54 160 278 228 
2021-11-11T20:22:55 251 165 107 
2021-11-11T20:22:56 25 227 229 
2021-11-11T20:22:57 102 103 307 
2021-11-11T20:22:58 262 97 99 
2021-11-11T20:22:59 183 306 243 
2021-11-11T20:23:00 168 171 130 
2021-11-11T20:23:01 356 98 47 
2021-11-11T20:23:02 176 45 11 
2021-11-11T20:23:03 82 179 55 
2021-11-11T20:23:04 116 331 175 
2021-11-11T20:23:05 124 351 163 
2021-11-11T20:23:06 148 195 250 
2021-11-11T20:23:07 79 152 231 
2021-11-11T20:23:08 223 53 335 
2021-11-11T20:23:09 162 169 300 
2021-11-11T20:23:10 314 198 345 
2021-11-11T20:23:11 97 133 173 
2021-11-11T20:23:12 50 23 70 
2021-11-11T20:23:13 313 282 151 
2021-11-11T20:23:14 171 270 98 
2021-11-11T20:23:15 41 218 327 
2021-11-11T20:23:16 192 298 119 
2021-11-11T20:23:17 102 283 270 
2021-11-11T20:23:18 282 88 102 
2021-11-11T20:23:19 335 15 8 
2021-11-11T20:23:20 121 182 234 
2021-11-11T20:23:21 299 148 18 
2021-11-11T20:23:22 82 37 181 
2021-11-11T20:23:23 47 269 145 
2021-11-11T20:23:24 60 233 204 
2021-11-11T20:23:25 150 261 185 
2021-11-11T20:23:26 273 144 102 
2021-11-11T20:23:27 303 22 269 
2021-11-11T20:23:28 114 289 232 
2021-11-11T20:23:29 34 69 130 
2021-11-11T20:23:30 84 44 89 
2021-11-11T20:23:31 78 305 83 
2021-11-11T20:23:32 112 333 110 
2021-11-11T20:23:33 211 267 311 
2021-11-11T20:23:34 109 358 58 
2021-11-11T20:23:35 263 352 119 
2021-11-11T20:23:36 333 83 122 
2021-11-11T20:23:37 128 123 274 
2021-11-11T20:23:38 130 102 40 
2021-11-11T20:23:39 311 132 251 
2021-11-11T20:23:40 140 357 256 
2021-11-11T20:23:41 356 98 180 
2021-11-11T20:23:42 215 28 158 
2021-11-11T20:23:43 139 315 297 
2021-11-11T20:23:44 3 222 182 
2021-11-11T20:23:45 182 340 330 
2021-11-11T20:23:46 302 273 281 
2021-11-11T20:23:47 86 88 317 
2021-11-11T20:23:48 37 92 18 
2021-11-11T20:23:49 107 229 65 
2021-11-11T20:23:50 309 92 59 
2021-11-11T20:23:51 241 203 330 
2021-11-11T20:23:52 68 271 189 
2021-11-11T20:23:53 112 270 92 
2021-11-11T20:23:54 64 287 55 
2021-11-11T20:23:55 228 161 130 
2021-11-11T20:23:56 330 257 111 
2021-11-11T20:23:57 36 339 123 
2021-11-11T20:23:58 280 273 37 
2021-11-11T20:23:59 133 310 114 
2021-11-11T20:24:00 33 342 163 
2021-11-11T20:24:01 181 10 222 
2021-11-11T20:24:02 347 117 191 
2021-11-11T20:24:03 63 250 157 
2021-11-11T20:24:04 160 263 166 
2021-11-11T20:24:05 203 261 339 
2021-11-11T20:24:06 245 226 251 
2021-11-11T20:24:07 5 161 280 
2021-11-11T20:24:08 289 57 283 
2021-11-11T20:24:09 90 58 141 
2021-11-11T20:24:10 175 341 147 
2021-11-11T20:24:11 31 327 279 
2021-11-11T20:24:12 264 139 338 
2021-11-11T20:24:13 260 170 301 
2021-11-11T20:24:14 238 205 340 
2021-11-11T20:24:15 108 339 102 
2021-11-11T20:24:16 358 160 98 
2021-11-11T20:24:17 335 41 14 
2021-11-11T20:24:18 127 133 156 
2021-11-11T20:24:19 81 186 98 
2021-11-11T20:24:20 110 18 236 
2021-11-11T20:24:21 315 77 171 
2021-11-11T20:24:22 200 352 78 
2021-11-11T20:24:23 313 215 265 
2021-11-11T20:24:24 6 241 154 
2021-11-11T20:24:25 159 313 308 
2021-11-11T20:24:26 273 72 353 
2021-11-11T20:24:27 333 257 183 
2021-11-11T20:24:28 90 131 14 
2021-11-11T20:24:29 188 227 298 
2021-11-11T20:24:30 269 128 279 
2021-11-11T20:24:31 127 349 331 
2021-11-11T20:24:32 309 275 38 
2021-11-11T20:24:34 249 236 119 
2021-11-11T20:24:35 323 3 291 
2021-11-11T20:24:36 154 181 114 
2021-11-11T20:24:37 25 207 16 
2021-11-11T20:24:38 233 144 346 
2021-11-11T20:24:39 353 68 143 
2021-11-11T20:24:40 324 192 347 
2021-11-11T20:24:41 328 69 250 
2021-11-11T20:24:42 211 14 250 
2021-11-11T20:24:43 27 343 164 
2021-11-11T20:24:44 159 274 355 
2021-11-11T20:24:45 146 118 309 
2021-11-11T20:24:46 138 89 249 
2021-11-11T20:24:47 287 40 218 
2021-11-11T20:24:48 4 335 26 
2021-11-11T20:24:49 249 343 186 
2021-11-11T20:24:50 132 0 330 
2021-11-11T20:24:51 276 195 201 
2021-11-11T20:24:52 106 11 229 
2021-11-11T20:24:53 267 283 205 
2021-11-11T20:24:54 350 290 326 
2021-11-11T20:24:55 75 221 48 
2021-11-11T20:24:56 302 157 262 
2021-11-11T20:24:57 144 325 272 
2021-11-11T20:24:58 112 285 28 
2021-11-11T20:24:59 166 9 358 
2021-11-11T20:25:00 83 85 25 
2021-11-11T20:25:01 300 5 258 
2021-11-11T20:25:02 61 175 0 
2021-11-11T20:25:03 327 293 294 
2021-11-11T20:25:04 251 355 16 
2021-11-11T20:25:05 134 121 217 
2021-11-11T20:25:06 310 214 30 
2021-11-11T20:25:08 196 351 40 
2021-11-11T20:25:09 135 105 2 
2021-11-11T20:25:10 25 358 253 
2021-11-11T20:25:14 32 77 318 
2021-11-11T20:25:15 185 322 277 
2021-11-11T20:25:16 52 99 327 
2021-11-11T20:25:17 146 23 351 
2021-11-11T20:25:18 355 119 298 
2021-11-11T20:25:20 309 125 154 
2021-11-11T20:25:21 279 205 232 
2021-11-11T20:25:22 315 262 32 
2021-11-11T20:25:23 93 320 78 
2021-11-11T20:25:24 257 302 88 
2021-11-11T20:25:25 123 237 5 
2021-11-11T20:25:27 334 321 78 
2021-11-11T20:25:28 22 9 216 
2021-11-11T20:25:29 118 299 258 
2021-11-11T20:25:30 1 106 223 
2021-11-11T20:25:31 237 335 244 
2021-11-11T20:25:32 61 340 41 
2021-11-11T20:25:33 62 162 88 
2021-11-11T20:25:34 255 324 256 
2021-11-11T20:25:35 17 147 313 
2021-11-11T20:25:36 44 64 19 
2021-11-11T20:25:37 101 218 163 
2021-11-11T20:25:39 28 237 119 
2021-11-11T20:25:40 337 1 251 
2021-11-11T20:25:41 64 183 75 
2021-11-11T20:25:42 152 289 121 
2021-11-11T20:25:43 35 335 296 
2021-11-11T20:25:44 197 39 340 
2021-11-11T20:25:45 132 53 121 
2021-11-11T20:25:46 309 208 187 
2021-11-11T20:25:47 278 24 244 
2021-11-11T20:25:48 34 133 205 
2021-11-11T20:25:49 278 290 22 
2021-11-11T20:25:50 229 44 29 
2021-11-11T20:25:51 118 83 85 
2021-11-11T20:25:52 240 344 153 
2021-11-11T20:25:53 65 52 285 
2021-11-11T20:25:54 7 287 237 
2021-11-11T20:25:55 104 344 30 
2021-11-11T20:25:56 114 91 261 
2021-11-11T20:25:57 85 14 350 
2021-11-11T20:25:58 22 358 12